*********[RR]*********

PID  Waiting time  Turn around time
 1	60		77
 2	60		75
 3	9		13
 4	35		42
 5	208		228
 6	45		53
 7	188		206
 8	292		312
 9	323		342
 10	275		293
 11	15		17
 12	325		343
 13	122		131
 14	401		418
 15	200		211
 16	169		179
 17	435		450
 18	84		89
 19	617		634
 20	305		317
 21	108		113
 22	243		252
 23	68		72
 24	179		186
 25	283		293
 26	81		84
 27	1115		1135
 28	139		145
 29	579		593
 30	98		102
 31	45		46
 32	102		105
 33	45		47
 34	655		668
 35	47		49
 36	1096		1113
 37	107		110
 38	892		907
 39	1126		1143
 40	114		117
 41	210		215
 42	1179		1196
 43	444		453
 44	1362		1381
 45	224		229
 46	131		135
 47	56		57
 48	1066		1081
 49	350		358
 50	143		147
 51	1087		1103
 52	60		61
 53	150		154
 54	532		541
 55	153		156
 56	942		956
 57	157		160
 58	966		979
 59	1162		1178
 60	581		590
 61	171		175
 62	174		177
 63	766		778
 64	584		593
 65	1004		1018
 66	80		82
 67	178		181
 68	1423		1443
 69	612		622
 70	185		189
 71	1430		1449
 72	306		311
 73	829		840
 74	310		316
 75	1442		1461
 76	856		867
 77	191		194
 78	327		332
 79	1089		1102
 80	685		695
 81	511		519
 82	915		927
 83	98		100
 84	347		352
 85	350		356
 86	1438		1457
 87	921		933
 88	214		218
 89	1428		1448
 90	102		103
 91	1426		1446
 92	552		559
 93	382		387
 94	1433		1452
 95	964		975
 96	388		393
 97	1429		1449
 98	1430		1450
 99	993		1005
 100	997		1009
 101	997		1008
 102	109		111
 103	1246		1262
 104	1403		1423
 105	1336		1354
 106	1002		1013
 107	620		627
 108	629		636
 109	1137		1151
 110	640		647
 111	271		274
 112	1248		1263
 113	123		125
 114	279		282
 115	127		129
 116	668		675
 117	1330		1348
 118	1371		1391
 119	132		134
 120	1324		1342
 121	1358		1377
 122	886		895
 123	1024		1036
 124	884		894
 125	1021		1032
 126	1294		1312
 127	143		145
 128	883		893
 129	311		314
 130	1220		1236
 131	1123		1137
 132	1126		1139
 133	1290		1309
 134	731		738
 135	733		740
 136	323		327
 137	894		903
 138	1272		1291
 139	735		742
 140	1127		1141
 141	551		557
 142	333		337
 143	1126		1139
 144	1027		1039
 145	1024		1035
 146	161		163
 147	162		163
 148	885		895
 149	1156		1171
 150	1182		1200
 151	351		355
 152	877		886
 153	739		746
 154	868		878
 155	738		746
 156	1150		1170
 157	372		376
 158	1054		1068
 159	173		174
 160	738		746
 161	969		981
 162	1042		1056
 163	396		399
 164	591		596
 165	869		878
 166	405		409
 167	1022		1036
 168	404		408
 169	845		854
 170	720		728
 171	989		1003
 172	720		728
 173	1029		1047
 174	1008		1023
 175	711		718
 176	192		194
 177	899		910
 178	893		904
 179	949		962
 180	406		409
 181	407		411
 182	943		956
 183	941		954
 184	804		814
 185	204		205
 186	967		984
 187	964		982
 188	801		811
 189	958		975
 190	927		941
 191	412		415
 192	411		414
 193	793		802
 194	943		963
 195	915		929
 196	568		573
 197	862		873
 198	791		801
 199	693		700
 200	566		571
Avg waiting time = 650.855
Avg turn around time = 660.8
CPU clock time = 2093.58